1 0.7644230769230769 0.28846153846153844 0.036057692307692304 0.0625
0 0.7403846153846154 0.29086538461538464 0.03485576923076923 0.06610576923076923
1 0.7139423076923077 0.29086538461538464 0.03365384615384615 0.06610576923076923
1 0.6887019230769231 0.28846153846153844 0.036057692307692304 0.06610576923076923
0 0.6634615384615384 0.29086538461538464 0.03365384615384615 0.0625
0 0.6237980769230769 0.28725961538461536 0.03245192307692308 0.06370192307692307
1 0.5961538461538461 0.28846153846153844 0.027644230769230768 0.06009615384615385
0 0.5697115384615384 0.29086538461538464 0.025240384615384616 0.06370192307692307
1 0.5456730769230769 0.28725961538461536 0.026442307692307692 0.06370192307692307
1 0.5192307692307693 0.28846153846153844 0.027644230769230768 0.06129807692307692
0 0.49399038461538464 0.28725961538461536 0.025240384615384616 0.054086538461538464
1 0.4675480769230769 0.28725961538461536 0.026442307692307692 0.056490384615384616
1 0.4387019230769231 0.2824519230769231 0.025240384615384616 0.052884615384615384
0 0.4110576923076923 0.2824519230769231 0.028846153846153848 0.06009615384615385
1 0.38221153846153844 0.2824519230769231 0.025240384615384616 0.06009615384615385
1 0.3557692307692308 0.28125 0.027644230769230768 0.054086538461538464
1 0.3269230769230769 0.28125 0.027644230769230768 0.054086538461538464
1 0.29927884615384615 0.27884615384615385 0.027644230769230768 0.051682692307692304
1 0.26802884615384615 0.2800480769230769 0.030048076923076924 0.055288461538461536
1 0.23918269230769232 0.2776442307692308 0.027644230769230768 0.0625
0 0.2127403846153846 0.2776442307692308 0.03125 0.054086538461538464
1 0.18389423076923078 0.27403846153846156 0.036057692307692304 0.0625
1 0.8028846153846154 0.40024038461538464 0.042067307692307696 0.06009615384615385
0 0.7764423076923077 0.39903846153846156 0.040865384615384616 0.0625
1 0.75 0.4014423076923077 0.038461538461538464 0.06370192307692307
1 0.71875 0.4014423076923077 0.039663461538461536 0.05889423076923077
0 0.6875 0.4026442307692308 0.037259615384615384 0.06129807692307692
0 0.6490384615384616 0.4026442307692308 0.03485576923076923 0.056490384615384616
0 0.625 0.4014423076923077 0.03485576923076923 0.06129807692307692
1 0.5901442307692307 0.3954326923076923 0.03365384615384615 0.05889423076923077
1 0.5637019230769231 0.39783653846153844 0.03365384615384615 0.056490384615384616
1 0.5348557692307693 0.39663461538461536 0.03485576923076923 0.0625
1 0.5048076923076923 0.3954326923076923 0.03245192307692308 0.06129807692307692
1 0.47836538461538464 0.39663461538461536 0.03125 0.06009615384615385
1 0.44711538461538464 0.3954326923076923 0.030048076923076924 0.06850961538461539
1 0.41586538461538464 0.39663461538461536 0.030048076923076924 0.06009615384615385
0 0.3870192307692308 0.39302884615384615 0.03485576923076923 0.06370192307692307
1 0.35216346153846156 0.3894230769230769 0.030048076923076924 0.07211538461538461
1 0.32091346153846156 0.3942307692307692 0.03125 0.0733173076923077
1 0.29086538461538464 0.3894230769230769 0.036057692307692304 0.0733173076923077
0 0.25841346153846156 0.3918269230769231 0.03245192307692308 0.06971153846153846
1 0.22596153846153846 0.3918269230769231 0.037259615384615384 0.07451923076923077
1 0.1935096153846154 0.390625 0.03365384615384615 0.07091346153846154
1 0.16105769230769232 0.3918269230769231 0.037259615384615384 0.06610576923076923
1 0.8233173076923077 0.46153846153846156 0.037259615384615384 0.07932692307692307
1 0.7944711538461539 0.4639423076923077 0.04447115384615385 0.08052884615384616
1 0.7680288461538461 0.45913461538461536 0.039663461538461536 0.0829326923076923
1 0.7403846153846154 0.4675480769230769 0.040865384615384616 0.07932692307692307
1 0.7091346153846154 0.4651442307692308 0.037259615384615384 0.08052884615384616
1 0.6646634615384616 0.46875 0.030048076923076924 0.08413461538461539
1 0.6322115384615384 0.46634615384615385 0.042067307692307696 0.0829326923076923
1 0.6057692307692307 0.4675480769230769 0.037259615384615384 0.078125
0 0.5721153846153846 0.4639423076923077 0.037259615384615384 0.0829326923076923
1 0.5432692307692307 0.4675480769230769 0.030048076923076924 0.07451923076923077
1 0.5096153846153846 0.4675480769230769 0.03245192307692308 0.07451923076923077
1 0.4807692307692308 0.46875 0.03245192307692308 0.07091346153846154
1 0.44711538461538464 0.46634615384615385 0.026442307692307692 0.07091346153846154
1 0.4170673076923077 0.4675480769230769 0.03245192307692308 0.07091346153846154
1 0.3858173076923077 0.46634615384615385 0.028846153846153848 0.07211538461538461
1 0.35336538461538464 0.4639423076923077 0.03125 0.07211538461538461
1 0.31971153846153844 0.4675480769230769 0.03125 0.07091346153846154
1 0.28846153846153844 0.4651442307692308 0.036057692307692304 0.06610576923076923
1 0.2536057692307692 0.46634615384615385 0.03245192307692308 0.0733173076923077
1 0.22115384615384615 0.46274038461538464 0.038461538461538464 0.0733173076923077
1 0.1875 0.46634615384615385 0.03485576923076923 0.06850961538461539
1 0.15144230769230768 0.45913461538461536 0.042067307692307696 0.07451923076923077
0 0.8786057692307693 0.6153846153846154 0.04567307692307692 0.0829326923076923
1 0.8485576923076923 0.6177884615384616 0.04567307692307692 0.078125
0 0.8125 0.6189903846153846 0.04447115384615385 0.07932692307692307
1 0.78125 0.6165865384615384 0.040865384615384616 0.078125
1 0.7487980769230769 0.6225961538461539 0.042067307692307696 0.07451923076923077
1 0.6971153846153846 0.6189903846153846 0.038461538461538464 0.07091346153846154
1 0.6634615384615384 0.6165865384615384 0.040865384615384616 0.078125
1 0.6274038461538461 0.6201923076923077 0.04807692307692308 0.08413461538461539
1 0.5949519230769231 0.6201923076923077 0.040865384615384616 0.07932692307692307
1 0.5612980769230769 0.6237980769230769 0.040865384615384616 0.08052884615384616
0 0.5288461538461539 0.6225961538461539 0.036057692307692304 0.08052884615384616
1 0.49278846153846156 0.6237980769230769 0.037259615384615384 0.08774038461538461
0 0.45913461538461536 0.6213942307692307 0.037259615384615384 0.078125
1 0.4206730769230769 0.6225961538461539 0.036057692307692304 0.08653846153846154
1 0.3858173076923077 0.6201923076923077 0.036057692307692304 0.08173076923076923
1 0.3485576923076923 0.6262019230769231 0.037259615384615384 0.08173076923076923
1 0.31009615384615385 0.6274038461538461 0.040865384615384616 0.0829326923076923
1 0.27403846153846156 0.6262019230769231 0.042067307692307696 0.08173076923076923
1 0.23557692307692307 0.625 0.040865384615384616 0.0889423076923077
1 0.19831730769230768 0.6274038461538461 0.04447115384615385 0.09134615384615384
1 0.16346153846153846 0.6237980769230769 0.040865384615384616 0.0889423076923077
1 0.125 0.6213942307692307 0.04807692307692308 0.08774038461538461
1 0.9411057692307693 0.7331730769230769 0.052884615384615384 0.07451923076923077
1 0.9038461538461539 0.7367788461538461 0.055288461538461536 0.08413461538461539
1 0.8629807692307693 0.7391826923076923 0.055288461538461536 0.08653846153846154
1 0.8233173076923077 0.7391826923076923 0.05889423076923077 0.0889423076923077
0 0.78125 0.7367788461538461 0.054086538461538464 0.09254807692307693
1 0.7427884615384616 0.7367788461538461 0.052884615384615384 0.08774038461538461
1 0.6995192307692307 0.7355769230769231 0.052884615384615384 0.07932692307692307
0 0.6550480769230769 0.7391826923076923 0.052884615384615384 0.07932692307692307
0 0.6141826923076923 0.7463942307692307 0.051682692307692304 0.0829326923076923
1 0.5709134615384616 0.7403846153846154 0.04927884615384615 0.08173076923076923
0 0.5288461538461539 0.7439903846153846 0.040865384615384616 0.08653846153846154
1 0.4891826923076923 0.7475961538461539 0.04567307692307692 0.08774038461538461